35
21
85
77
13
72
31
28
66
93
29
12
61
58
55
15
79
46
47
73
42
51
39
36
78
32
96
11
81
87
69
26
65
16
22
86
67
37
91
54
38
97
64
48
24
94
71
45
18
35 11
35 15
35 16
35 21
35 28
35 31
35 32
35 36
35 37
35 38
35 47
35 48
35 51
35 58
35 61
35 65
35 73
35 77
35 79
35 81
35 85
35 86
35 94
35 97
21 12
21 13
21 18
21 22
21 24
21 26
21 29
21 37
21 39
21 42
21 45
21 46
21 54
21 55
21 64
21 66
21 67
21 69
21 71
21 72
21 78
21 87
21 91
21 96
85 11
85 15
85 16
85 18
85 21
85 28
85 31
85 32
85 36
85 37
85 39
85 45
85 47
85 48
85 51
85 58
85 61
85 66
85 73
85 77
85 79
85 81
85 86
85 94
77 11
77 12
77 15
77 18
77 21
77 26
77 31
77 32
77 37
77 39
77 45
77 46
77 47
77 48
77 51
77 55
77 61
77 66
77 73
77 78
77 86
77 91
77 94
77 96
13 11
13 15
13 16
13 28
13 29
13 31
13 35
13 36
13 38
13 42
13 51
13 58
13 64
13 65
13 67
13 72
13 73
13 77
13 79
13 81
13 85
13 86
13 93
13 97
72 11
72 15
72 16
72 28
72 31
72 32
72 35
72 36
72 38
72 47
72 48
72 51
72 58
72 61
72 64
72 65
72 73
72 77
72 79
72 81
72 85
72 86
72 93
72 97
31 11
31 12
31 18
31 21
31 26
31 32
31 37
31 39
31 45
31 46
31 47
31 48
31 51
31 55
31 61
31 66
31 71
31 73
31 78
31 86
31 87
31 91
31 94
31 96
28 11
28 12
28 15
28 18
28 21
28 31
28 32
28 37
28 39
28 45
28 46
28 47
28 48
28 51
28 55
28 58
28 61
28 66
28 73
28 77
28 78
28 86
28 91
28 94
66 12
66 13
66 22
66 24
66 26
66 29
66 35
66 38
66 42
66 46
66 54
66 55
66 64
66 65
66 67
66 69
66 71
66 72
66 78
66 87
66 91
66 93
66 96
66 97
93 11
93 15
93 16
93 21
93 28
93 31
93 32
93 35
93 36
93 38
93 47
93 48
93 51
93 58
93 61
93 65
93 73
93 77
93 79
93 81
93 85
93 86
93 94
93 97
29 11
29 15
29 16
29 28
29 31
29 32
29 35
29 36
29 38
29 42
29 51
29 58
29 64
29 65
29 67
29 72
29 73
29 77
29 79
29 81
29 85
29 86
29 93
29 97
12 13
12 16
12 22
12 24
12 26
12 29
12 35
12 36
12 38
12 42
12 54
12 64
12 65
12 67
12 69
12 71
12 72
12 79
12 81
12 85
12 87
12 93
12 96
12 97
61 12
61 13
61 18
61 21
61 22
61 24
61 26
61 29
61 37
61 39
61 42
61 45
61 46
61 54
61 55
61 66
61 67
61 69
61 71
61 78
61 87
61 91
61 94
61 96
58 11
58 12
58 15
58 18
58 21
58 31
58 32
58 37
58 39
58 45
58 46
58 47
58 48
58 51
58 55
58 61
58 66
58 73
58 77
58 78
58 86
58 91
58 94
58 96
55 12
55 13
55 22
55 24
55 26
55 29
55 35
55 38
55 42
55 46
55 54
55 64
55 65
55 67
55 69
55 71
55 72
55 78
55 85
55 87
55 91
55 93
55 96
55 97
15 11
15 12
15 18
15 21
15 26
15 31
15 32
15 37
15 39
15 45
15 46
15 47
15 48
15 51
15 55
15 61
15 66
15 73
15 78
15 86
15 87
15 91
15 94
15 96
79 11
79 15
79 18
79 21
79 28
79 31
79 32
79 36
79 37
79 39
79 45
79 46
79 47
79 48
79 51
79 55
79 58
79 61
79 66
79 73
79 77
79 81
79 86
79 94
46 12
46 13
46 16
46 22
46 24
46 26
46 29
46 35
46 38
46 42
46 54
46 64
46 65
46 67
46 69
46 71
46 72
46 78
46 85
46 87
46 91
46 93
46 96
46 97
47 12
47 13
47 18
47 21
47 22
47 24
47 26
47 29
47 37
47 39
47 45
47 46
47 54
47 55
47 61
47 66
47 67
47 69
47 71
47 78
47 87
47 91
47 94
47 96
73 12
73 18
73 21
73 22
73 24
73 26
73 32
73 37
73 39
73 45
73 46
73 47
73 48
73 55
73 61
73 66
73 69
73 71
73 78
73 86
73 87
73 91
73 94
73 96
42 11
42 15
42 16
42 28
42 31
42 32
42 35
42 36
42 38
42 47
42 48
42 51
42 58
42 64
42 65
42 72
42 73
42 77
42 79
42 81
42 85
42 86
42 93
42 97
51 12
51 18
51 21
51 22
51 26
51 32
51 37
51 39
51 45
51 46
51 47
51 48
51 55
51 61
51 66
51 69
51 71
51 73
51 78
51 86
51 87
51 91
51 94
51 96
39 12
39 13
39 22
39 24
39 26
39 29
39 35
39 38
39 42
39 45
39 46
39 54
39 55
39 64
39 66
39 67
39 69
39 71
39 72
39 78
39 87
39 91
39 93
39 96
36 11
36 15
36 18
36 21
36 28
36 31
36 32
36 37
36 39
36 45
36 46
36 47
36 48
36 51
36 55
36 58
36 61
36 66
36 73
36 77
36 78
36 81
36 86
36 94
78 12
78 13
78 16
78 22
78 24
78 26
78 29
78 35
78 38
78 42
78 54
78 64
78 65
78 67
78 69
78 71
78 72
78 79
78 85
78 87
78 91
78 93
78 96
78 97
32 12
32 13
32 18
32 21
32 22
32 24
32 26
32 37
32 39
32 45
32 46
32 47
32 48
32 54
32 55
32 61
32 66
32 69
32 71
32 78
32 87
32 91
32 94
32 96
96 13
96 16
96 22
96 24
96 26
96 28
96 29
96 35
96 36
96 38
96 42
96 54
96 64
96 65
96 67
96 69
96 71
96 72
96 79
96 81
96 85
96 87
96 93
96 97
11 12
11 18
11 21
11 26
11 32
11 37
11 39
11 45
11 46
11 47
11 48
11 51
11 55
11 61
11 66
11 69
11 71
11 73
11 78
11 86
11 87
11 91
11 94
11 96
81 11
81 15
81 18
81 21
81 28
81 31
81 32
81 37
81 39
81 45
81 46
81 47
81 48
81 51
81 55
81 58
81 61
81 66
81 73
81 77
81 78
81 86
81 91
81 94
87 13
87 16
87 22
87 24
87 28
87 29
87 35
87 36
87 38
87 42
87 54
87 58
87 64
87 65
87 67
87 69
87 71
87 72
87 77
87 79
87 81
87 85
87 93
87 97
69 13
69 15
69 16
69 22
69 24
69 28
69 29
69 31
69 35
69 36
69 38
69 42
69 54
69 58
69 64
69 65
69 67
69 72
69 77
69 79
69 81
69 85
69 93
69 97
26 13
26 16
26 22
26 24
26 28
26 29
26 35
26 36
26 38
26 42
26 54
26 58
26 64
26 65
26 67
26 69
26 71
26 72
26 79
26 81
26 85
26 87
26 93
26 97
65 11
65 15
65 16
65 18
65 21
65 28
65 31
65 32
65 36
65 37
65 39
65 47
65 48
65 51
65 58
65 61
65 73
65 77
65 79
65 81
65 85
65 86
65 94
65 97
16 11
16 15
16 18
16 21
16 28
16 31
16 32
16 36
16 37
16 39
16 45
16 47
16 48
16 51
16 55
16 58
16 61
16 66
16 73
16 77
16 79
16 81
16 86
16 94
22 11
22 13
22 15
22 16
22 24
22 28
22 29
22 31
22 35
22 36
22 38
22 42
22 54
22 58
22 64
22 65
22 67
22 72
22 77
22 79
22 81
22 85
22 93
22 97
86 12
86 18
86 21
86 22
86 24
86 26
86 32
86 37
86 39
86 45
86 46
86 47
86 48
86 54
86 55
86 61
86 66
86 69
86 71
86 78
86 87
86 91
86 94
86 96
67 11
67 15
67 16
67 28
67 31
67 32
67 35
67 36
67 38
67 42
67 48
67 51
67 58
67 64
67 65
67 72
67 73
67 77
67 79
67 81
67 85
67 86
67 93
67 97
37 12
37 13
37 18
37 22
37 24
37 26
37 29
37 39
37 42
37 45
37 46
37 54
37 55
37 64
37 66
37 67
37 69
37 71
37 72
37 78
37 87
37 91
37 93
37 96
91 12
91 13
91 16
91 22
91 24
91 26
91 29
91 35
91 36
91 38
91 42
91 54
91 64
91 65
91 67
91 69
91 71
91 72
91 79
91 85
91 87
91 93
91 96
91 97
54 11
54 13
54 15
54 16
54 28
54 29
54 31
54 35
54 36
54 38
54 42
54 51
54 58
54 64
54 65
54 67
54 72
54 73
54 77
54 79
54 81
54 85
54 93
54 97
38 11
38 15
38 16
38 18
38 21
38 28
38 31
38 32
38 36
38 37
38 47
38 48
38 51
38 58
38 61
38 65
38 73
38 77
38 79
38 81
38 85
38 86
38 94
38 97
97 11
97 15
97 16
97 18
97 21
97 28
97 31
97 32
97 36
97 37
97 39
97 45
97 47
97 48
97 51
97 58
97 61
97 73
97 77
97 79
97 81
97 85
97 86
97 94
64 11
64 15
64 16
64 28
64 31
64 32
64 35
64 36
64 38
64 47
64 48
64 51
64 58
64 61
64 65
64 73
64 77
64 79
64 81
64 85
64 86
64 93
64 94
64 97
48 12
48 13
48 18
48 21
48 22
48 24
48 26
48 29
48 37
48 39
48 45
48 46
48 47
48 54
48 55
48 61
48 66
48 69
48 71
48 78
48 87
48 91
48 94
48 96
24 11
24 13
24 15
24 16
24 28
24 29
24 31
24 35
24 36
24 38
24 42
24 51
24 54
24 58
24 64
24 65
24 67
24 72
24 77
24 79
24 81
24 85
24 93
24 97
94 12
94 13
94 18
94 21
94 22
94 24
94 26
94 29
94 37
94 39
94 42
94 45
94 46
94 54
94 55
94 66
94 67
94 69
94 71
94 72
94 78
94 87
94 91
94 96
71 13
71 15
71 16
71 22
71 24
71 28
71 29
71 35
71 36
71 38
71 42
71 54
71 58
71 64
71 65
71 67
71 69
71 72
71 77
71 79
71 81
71 85
71 93
71 97
45 12
45 13
45 22
45 24
45 26
45 29
45 35
45 38
45 42
45 46
45 54
45 55
45 64
45 65
45 66
45 67
45 69
45 71
45 72
45 78
45 87
45 91
45 93
45 96
18 12
18 13
18 22
18 24
18 26
18 29
18 35
18 39
18 42
18 45
18 46
18 54
18 55
18 64
18 66
18 67
18 69
18 71
18 72
18 78
18 87
18 91
18 93
18 96
